ID	AN00493.ba41-42-22	AN00764.ba41-42-22	AN01410.ba41-42-22	AN02987.ba41-42-22	AN03217.ba41-42-22	AN03632.ba41-42-22	AN03935.ba41-42-22	AN04479.ba41-42-22	AN04682.ba41-42-22	AN05983.ba41-42-22	AN06365.ba41-42-22	AN06420.ba41-42-22	AN07176.ba41-42-22	AN07444.ba41-42-22	AN08161.ba41-42-22	AN08166.ba41-42-22	AN08677.ba41-42-22	AN08873.ba41-42-22	AN09402.ba41-42-22	AN09714.ba41-42-22	AN10723.ba41-42-22	AN11864.ba41-42-22	AN11931.ba41-42-22	AN12137.ba41-42-22	AN13295.ba41-42-22	AN13872.ba41-42-22	AN14757.ba41-42-22	AN14829.ba41-42-22	AN15088.ba41-42-22	AN16641.ba41-42-22	AN17254.ba41-42-22	AN17425.ba41-42-22	AN17678.ba41-42-22	AN19442.ba41-42-22	AN19760.ba41-42-22	UMB1376.ba41-42-22	UMB1578.ba41-42-22	UMB4337.ba41-42-22	UMB4590.ba41-42-22	UMB4842.ba41-42-22	UMB4999.ba41-42-22	UMB5079.ba41-42-22	UMB5115.ba41-42-22	UMB5144.ba41-42-22	UMB5176.ba41-42-22	UMB5297.ba41-42-22	UMB5302.ba41-42-22	UMB5303.ba41-42-22	UMB5309.ba41-42-22	UMB5340.ba41-42-22	UMB5342.ba41-42-22	AN00142.ba9	AN00493.ba9	AN00544.ba9	AN00764.ba9	AN01125.ba9	AN01410.ba9	AN01971.ba9	AN03217.ba9	AN03345.ba9	AN03632.ba9	AN03935.ba9	AN04479.ba9	AN04682.ba9	AN05983.ba9	AN06420.ba9	AN07176.ba9	AN07444.ba9	AN08161.ba9	AN08166.ba9	AN08792.ba9	AN09402.ba9	AN09714.ba9	AN09730.ba9	AN10028.ba9	AN10679.ba9	AN10723.ba9	AN10833.ba9	AN11864.ba9	AN11931.ba9	AN12137.ba9	AN12457.ba9	AN14757.ba9	AN14829.ba9	AN15566.ba9	AN16115.ba9	AN16641.ba9	AN17138.ba9	AN17425.ba9	AN17515.ba9	AN19442.ba9	AN19760.ba9	UMB1376.ba9	UMB1578.ba9	UMB4337.ba9	UMB4787.ba9	UMB4842.ba9	UMB4999.ba9	UMB5079.ba9	UMB5144.ba9	UMB5163.ba9	UMB5176.ba9	UMB5242.ba9	UMB5303.ba9	UMB5340.ba9
chr10-100588	1	0	1	2	1	1	1	1	1	0	1	1	1	0	0	0	0	0	1	0	1	1	1	0	0	0	0	1	1	1	2	1	0	2	1	1	0	0	2	1	0	0	0	1	0	1	1	0	1	1	0	0	1	1	0	0	1	1	1	1	1	1	1	1	0	1	1	0	0	0	0	1	0	1	1	0	1	1	1	1	0	0	0	1	1	1	1	0	1	0	2	1	1	0	0	0	1	0	0	1	1	0	0	0	1
chr10-100660	1	1	1	0	0	1	1	0	1	1	0	0	0	1	1	1	0	1	1	1	1	0	1	1	0	0	0	1	0	0	0	0	0	0	0	1	1	0	0	1	1	0	0	0	0	0	1	0	0	0	0	1	1	0	1	2	1	1	0	1	1	1	0	1	1	0	0	1	1	1	1	1	1	1	1	0	1	1	0	1	1	2	0	1	0	0	0	0	0	2	0	0	1	1	0	1	1	1	0	0	0	0	0	0	0
chr10-100682	0	0	0	0	0	0	0	0	0	0	0	0	0	0	0	0	0	0	0	0	0	0	0	0	0	0	0	0	0	0	0	0	0	0	0	0	0	0	0	0	0	0	0	0	0	0	0	0	0	0	0	0	0	0	0	0	0	0	0	0	0	0	0	0	0	0	0	0	0	0	0	0	0	0	0	0	0	0	0	0	0	0	0	0	0	0	0	0	0	0	0	0	0	0	0	0	0	0	0	0	0	0	0	0	0
chr10-101090	0	1	0	0	1	0	0	0	0	0	0	0	0	1	0	0	0	0	0	1	0	0	0	0	1	1	0	0	1	1	0	1	0	0	0	0	1	0	0	0	1	1	0	0	0	0	0	0	0	1	0	0	0	0	1	0	0	0	1	0	0	0	0	0	0	0	0	1	0	0	0	0	1	0	0	1	0	0	0	0	0	0	0	0	0	1	1	0	1	0	0	0	0	1	0	0	0	1	1	0	1	0	0	0	1
chr10-101221	0	0	0	0	0	0	0	0	0	0	0	0	0	0	0	0	0	0	1	0	0	0	0	0	0	0	0	0	0	0	0	0	0	0	0	0	0	0	0	0	0	1	0	0	0	0	0	0	0	0	0	0	0	0	0	0	0	0	0	0	0	0	0	0	0	0	0	0	0	0	0	1	0	0	0	0	0	0	0	0	0	0	0	0	0	0	0	0	0	0	0	0	0	0	0	0	0	0	1	0	0	0	0	0	0
chr10-101467947	0	0	0	0	0	0	0	0	0	0	0	0	0	0	0	0	0	0	0	0	0	0	0	0	0	0	0	0	0	0	0	0	0	0	0	0	0	0	0	0	0	0	0	1	0	0	0	0	0	0	0	0	0	0	0	0	0	0	0	0	0	0	0	0	0	0	0	0	0	0	0	0	0	0	0	0	0	0	0	0	0	0	0	0	0	0	0	0	0	0	0	0	0	0	0	0	0	0	0	1	0	0	0	0	0
chr10-101469079	0	1	0	0	1	0	1	1	0	1	0	0	0	0	0	0	2	0	1	1	0	1	1	0	0	2	1	1	1	1	1	0	1	0	0	0	0	1	0	0	0	1	0	0	2	0	1	0	1	0	2	1	0	0	1	0	0	0	1	1	0	1	1	0	1	0	0	0	0	0	2	1	1	0	1	1	0	0	1	1	0	0	1	1	0	1	1	1	0	0	0	0	0	0	1	1	0	0	1	0	1	2	1	0	0
chr10-101469767	1	0	0	1	0	1	0	0	1	1	1	0	1	0	0	0	0	1	0	0	0	0	0	0	0	0	0	0	0	0	0	1	0	0	0	1	0	0	0	0	1	1	1	1	0	0	0	0	0	1	0	1	1	1	0	1	0	2	0	0	1	0	0	1	1	0	1	0	0	0	0	0	0	0	0	0	0	1	0	0	0	1	0	0	1	0	0	1	1	1	0	0	1	0	0	0	0	1	1	1	0	0	0	0	1
chr10-101469918	0	0	0	1	0	0	0	1	0	0	0	0	0	0	0	0	0	0	0	0	0	0	0	0	1	0	0	0	0	0	0	0	0	0	0	0	0	0	0	0	0	0	0	0	0	0	0	0	0	0	0	0	0	0	0	0	0	0	0	0	0	0	1	0	0	0	0	0	0	0	0	0	0	0	0	0	0	0	0	0	0	0	0	0	0	0	0	0	0	0	0	0	0	0	0	0	0	0	0	0	0	0	0	0	0
chr10-101470052	0	0	1	0	1	1	0	0	1	0	1	2	1	1	2	1	0	1	0	1	0	0	0	1	1	0	1	0	1	0	0	1	0	1	0	1	1	1	0	1	0	0	0	0	0	0	1	1	0	1	0	0	0	0	0	1	1	0	1	0	1	0	0	1	0	2	1	1	2	1	0	0	1	1	0	1	0	0	0	0	1	0	1	0	0	0	0	0	1	0	1	0	1	1	1	0	1	0	0	0	1	0	0	1	1
